%YAML:1.0
---
intrinsics: !!opencv-matrix
   rows: 3
   cols: 3
   dt: d
   data: [ 8.6365806458535292e+02, 0., 3.3402316225418110e+02, 0.,
       8.3477638500090347e+02, 2.0685626245293935e+02, 0., 0., 1. ]
distortion: !!opencv-matrix
   rows: 5
   cols: 1
   dt: d
   data: [ 3.6191997402361127e-02, -5.9998972602323841e-01,
       -4.6556163265336539e-03, 1.1370721138845241e-02,
       1.3259728607131458e+00 ]
